1861
1861
1871
1871
1871
1871
1871
1861
1867
1960
1973
1973
1973
1973
1861
1867
1965
2036
2047
2040
2042
1861
1867
1965
2025
2095
2089
2084
1861
1867
1965
2025
2095
2089
2091
1861
1867
1965
2025
2095
2148
2125
1861
1867
1965
2025
2095
2148
2104
1861
1861
1871
1871
1871
1871
1871
1861
1867
1961
1975
1975
1975
1975
1861
1867
1967
2036
2053
2047
2055
1861
1867
1967
2032
2113
2126
2118
1861
1867
1967
2032
2137
2136
2142
1861
1867
1967
2032
2137
2181
2152
1861
1867
1967
2032
2137
2181
2173
1861
1861
1871
1871
1871
1871
1871
1861
1867
1961
1975
1975
1975
1975
1861
1867
1967
2036
2053
2047
2055
1861
1867
1967
2032
2113
2126
2118
1861
1867
1967
2032
2137
2136
2142
1861
1867
1967
2032
2137
2181
2152
1861
1867
1967
2032
2137
2181
2173
1861
1861
1871
1871
1871
1871
1871
1861
1867
1961
1975
1975
1975
1975
1861
1867
1967
2036
2053
2047
2055
1861
1867
1967
2032
2113
2126
2118
1861
1867
1967
2032
2137
2136
2142
1861
1867
1967
2032
2137
2181
2152
1861
1867
1967
2032
2137
2181
2173
1861
1861
1871
1871
1871
1871
1871
1861
1867
1961
1975
1975
1975
1975
1861
1867
1967
2036
2053
2047
2055
1861
1867
1967
2032
2113
2126
2118
1861
1867
1967
2032
2137
2136
2142
1861
1867
1967
2032
2137
2181
2152
1861
1867
1967
2032
2137
2181
2173
1861
1861
1871
1871
1871
1871
1871
1861
1867
1961
1975
1975
1975
1975
1861
1867
1967
2036
2053
2047
2055
1861
1867
1967
2032
2113
2126
2118
1861
1867
1967
2032
2137
2136
2142
1861
1867
1967
2032
2137
2181
2152
1861
1867
1967
2032
2137
2181
2173