4
8
16
32
64
128
256
4
8
16
32
64
128
256
4
8
16
32
64
128
256
4
8
16
32
64
128
256
4
8
16
32
64
128
256
4
8
16
32
64
128
256
4
8
16
32
64
128
256
4
8
16
32
64
128
256
4
8
16
32
64
128
256
4
8
16
32
64
128
256
4
8
16
32
64
128
256
4
8
16
32
64
128
256
4
8
16
32
64
128
256
4
8
16
32
64
128
256
4
8
16
32
64
128
256
4
8
16
32
64
128
256
4
8
16
32
64
128
256
4
8
16
32
64
128
256
4
8
16
32
64
128
256
4
8
16
32
64
128
256
4
8
16
32
64
128
256
4
8
16
32
64
128
256
4
8
16
32
64
128
256
4
8
16
32
64
128
256
4
8
16
32
64
128
256
4
8
16
32
64
128
256
4
8
16
32
64
128
256
4
8
16
32
64
128
256
4
8
16
32
64
128
256
4
8
16
32
64
128
256
4
8
16
32
64
128
256
4
8
16
32
64
128
256
4
8
16
32
64
128
256
4
8
16
32
64
128
256
4
8
16
32
64
128
256
4
8
16
32
64
128
256
4
8
16
32
64
128
256
4
8
16
32
64
128
256
4
8
16
32
64
128
256
4
8
16
32
64
128
256
4
8
16
32
64
128
256
4
8
16
32
64
128
256