0.002333
0.001655
0.001591
0.001574
0.001574
0.001574
0.001574
0.002333
0.001538
0.001187
0.001135
0.001132
0.001130
0.001128
0.002333
0.001538
0.001150
0.000931
0.000902
0.000895
0.000893
0.002333
0.001538
0.001150
0.000925
0.000849
0.000829
0.000826
0.002333
0.001538
0.001150
0.000925
0.000852
0.000821
0.000809
0.002333
0.001538
0.001150
0.000925
0.000852
0.000826
0.000813
0.002333
0.001538
0.001150
0.000925
0.000852
0.000826
0.000815
0.002333
0.001655
0.001591
0.001574
0.001574
0.001574
0.001574
0.002333
0.001538
0.001187
0.001135
0.001132
0.001130
0.001128
0.002333
0.001538
0.001150
0.000931
0.000903
0.000895
0.000893
0.002333
0.001538
0.001150
0.000925
0.000849
0.000829
0.000825
0.002333
0.001538
0.001150
0.000925
0.000852
0.000820
0.000809
0.002333
0.001538
0.001150
0.000925
0.000852
0.000825
0.000813
0.002333
0.001538
0.001150
0.000925
0.000852
0.000825
0.000815
0.002333
0.001655
0.001591
0.001574
0.001574
0.001574
0.001574
0.002333
0.001538
0.001187
0.001135
0.001132
0.001130
0.001128
0.002333
0.001538
0.001150
0.000931
0.000903
0.000895
0.000893
0.002333
0.001538
0.001150
0.000925
0.000849
0.000829
0.000825
0.002333
0.001538
0.001150
0.000925
0.000852
0.000820
0.000809
0.002333
0.001538
0.001150
0.000925
0.000852
0.000825
0.000813
0.002333
0.001538
0.001150
0.000925
0.000852
0.000825
0.000815
0.002333
0.001655
0.001591
0.001574
0.001574
0.001574
0.001574
0.002333
0.001538
0.001187
0.001135
0.001132
0.001130
0.001128
0.002333
0.001538
0.001150
0.000931
0.000903
0.000895
0.000893
0.002333
0.001538
0.001150
0.000925
0.000849
0.000829
0.000825
0.002333
0.001538
0.001150
0.000925
0.000852
0.000820
0.000809
0.002333
0.001538
0.001150
0.000925
0.000852
0.000825
0.000813
0.002333
0.001538
0.001150
0.000925
0.000852
0.000825
0.000815
0.002333
0.001655
0.001591
0.001574
0.001574
0.001574
0.001574
0.002333
0.001538
0.001187
0.001135
0.001132
0.001130
0.001128
0.002333
0.001538
0.001150
0.000931
0.000903
0.000895
0.000893
0.002333
0.001538
0.001150
0.000925
0.000849
0.000829
0.000825
0.002333
0.001538
0.001150
0.000925
0.000852
0.000820
0.000809
0.002333
0.001538
0.001150
0.000925
0.000852
0.000825
0.000813
0.002333
0.001538
0.001150
0.000925
0.000852
0.000825
0.000815
0.002333
0.001655
0.001591
0.001574
0.001574
0.001574
0.001574
0.002333
0.001538
0.001187
0.001135
0.001132
0.001130
0.001128
0.002333
0.001538
0.001150
0.000931
0.000903
0.000895
0.000893
0.002333
0.001538
0.001150
0.000925
0.000849
0.000829
0.000825
0.002333
0.001538
0.001150
0.000925
0.000852
0.000820
0.000809
0.002333
0.001538
0.001150
0.000925
0.000852
0.000825
0.000813
0.002333
0.001538
0.001150
0.000925
0.000852
0.000825
0.000815